-11.929 -3.586 -3.393
-8.683 -2.288 -0.443
-11.265 -3.241 -1.363
-9.577 -3.758 -4.497
-9.477 -1.842 0.263
-9.088 -3.236 -1.328
-10.808 -2.406 -2.711
-11.294 -4.491 -2.912
-10.473 -2.172 -0.630
-11.221 -3.853 -0.665
-9.887 -2.595 0.568
-10.095 -3.548 -1.420
-10.463 -3.481 -2.991
-9.005 -4.013 -4.897
-9.998 -0.787 -0.445
-11.601 -4.865 1.028
-10.462 -2.510 -3.693
-11.990 1.553 -3.300
-12.150 0.411 -3.762
-12.354 1.634 -7.220
-8.725 0.761 -5.835
-8.317 3.539 -14.693
-10.225 4.246 -17.899
-10.519 5.898 -18.379
-11.819 1.197 -18.737
-11.352 3.250 -19.256
-10.072 3.747 -19.443
-10.290 3.663 -18.871
-10.759 3.129 -21.330
-10.739 2.206 -21.763
-10.860 2.937 -17.612
-11.108 1.236 -16.881
-11.168 1.441 -18.334
-11.378 1.783 -20.377
-11.461 1.961 -20.756
-11.195 2.774 -18.905
-11.301 1.529 -18.385
-10.766 0.472 -17.546
-9.660 -3.135 -13.948
-9.633 1.399 -5.781
-10.304 -0.273 -0.748
-10.876 -2.330 -0.824
-10.552 -2.238 -3.476
-9.941 0.335 -4.384
-11.055 -1.682 -3.695
-7.818 -4.121 -14.915
-10.753 -8.194 -18.83
-11.568 -7.025 -14.79
-11.572 -7.255 -11.98
-11.147 -8.254 -7.676
-9.558 -8.648 -7.551
-6.344 -4.868 -12.599
-5.975 -4.242 -10.106
-5.474 -5.567 -8.259
-6.369 -3.756 -9.977
-6.593 -3.148 -12.137
-6.802 -3.778 -10.996
-5.475 -2.913 -7.921
-11.029 -6.394 -8.872
-16.124 -5.061 -14.20
-17.418 -4.517 -15.27
-17.482 -3.834 -13.63
-18.320 -5.139 -13.82
-19.207 -6.702 -14.16
-19.235 -6.277 -14.61
-17.879 -5.547 -10.88
-17.469 -4.522 -7.964
-17.855 -7.460 -9.187
-16.726 -5.942 -8.942
-15.729 -5.586 -8.556
-14.009 -5.756 -6.055
-10.990 -7.250 -7.005
-7.491 -3.356 -13.427
-8.182 -3.925 -15.426
-8.180 -6.973 -12.720
-11.260 -10.979 -7.99
-13.312 -14.404 -9.70
-12.428 -13.354 -14.5
-10.086 -12.060 -15.7
-7.377 -10.205 -17.23
-7.457 -6.640 -10.197
-8.142 -0.985 -2.965
-9.259 -1.464 -4.020
-12.555 -1.821 -4.019
-10.502 0.023 -2.427
-10.237 -2.641 -2.097
-10.564 -3.777 -3.947
-10.284 -3.754 -3.596
-6.710 -2.352 -6.846
-6.074 -2.359 -9.389
-6.511 -2.856 -8.497
-5.626 -3.832 -12.345
-5.631 -3.853 -10.330
-11.045 -0.617 -11.80
-13.566 3.216 -14.863
-15.357 2.829 -19.184
-15.952 6.027 -22.551
-15.028 6.653 -23.200
-13.762 6.856 -24.953
-14.690 5.152 -28.179
-12.916 5.833 -24.747
-13.092 6.223 -21.965
-11.041 7.208 -20.846
-7.500 2.982 -9.535
-7.244 -1.183 -6.377
-10.770 2.971 -4.684
-15.707 6.865 -8.832
-17.506 7.955 -9.494
-14.086 3.913 -16.236
-12.048 -0.068 -12.89
-12.136 -3.336 -13.32
-12.851 -1.606 -15.18
-13.941 -3.313 -17.72
-12.844 -2.105 -17.28
-9.804 -0.713 -17.126
-5.137 1.262 -7.740
-8.806 0.992 -2.683
-12.880 -3.382 -2.897
-11.189 -2.317 -3.564
-11.168 -2.320 1.154
-10.861 -2.629 -3.394
-12.946 -0.998 -6.021
-8.805 4.114 -0.611
-4.580 8.274 -3.809
-8.704 5.463 -1.551
-10.885 0.716 -4.907
-13.044 -10.796 -9.22
-14.849 -12.838 -8.01
-16.443 -13.361 -8.76
-15.129 -11.225 -6.65
-16.450 -13.372 -8.56
-17.108 -15.705 -9.42
-14.502 -14.886 -8.00
-13.137 -14.424 -9.69
-13.392 -15.759 -11.4
-11.936 -14.306 -12.6
-10.026 -14.224 -18.6
-8.105 -11.955 -20.68
-7.228 -9.749 -17.647
-6.667 -7.840 -18.276
-7.060 -7.488 -18.008
-8.240 -6.203 -18.752
-10.332 -7.226 -17.69
-12.423 -8.077 -15.50
-12.950 -6.955 -12.53
-13.706 -5.727 -12.05
-12.001 -3.079 -10.80
-10.782 -1.444 -9.670
-11.751 -2.973 -10.51
-10.565 -1.151 -9.454
-8.865 -2.823 -9.836
-8.707 -4.424 -10.073
-8.804 -2.166 -8.817
-7.584 -2.163 -10.185
-8.369 -3.683 -11.595
-6.462 -4.067 -11.375
-6.509 -0.728 -9.478
-7.336 1.069 -6.430
-8.028 -0.650 -3.932
-12.128 -2.271 -3.939
-12.794 -2.973 -3.483
-11.892 -0.302 -6.986
-13.405 -1.990 -5.624
-13.980 -6.178 -9.152
-12.532 -1.139 -6.262
-11.607 -0.959 -3.721
-10.500 -2.242 -3.412
-11.425 -4.200 0.821
-11.059 -3.882 -6.517
-9.574 -0.440 -7.138
-10.538 -0.058 -2.415
-11.145 -4.205 -2.787
-12.141 -3.472 -2.689
-11.574 -0.868 -1.324
-11.367 -4.251 -1.812
-10.943 -1.624 -1.743
-10.552 1.295 -4.204
-11.865 -2.010 -3.168
-10.363 -2.069 -3.708
-11.644 -2.193 -1.699
-10.260 -1.880 -0.676
-11.380 -1.025 -3.127
-11.918 -1.574 -3.327
-10.947 -0.306 -3.411
-13.966 -3.322 -0.181
-10.717 0.581 -1.525
-11.239 -3.857 -2.502
-11.608 -2.528 -6.016
-12.115 -0.379 -1.332
-10.766 -3.802 -2.918
-10.613 -1.941 -3.622
-10.652 -3.405 -3.365
-11.394 -3.593 -3.500
-11.008 -2.615 -4.756
-11.164 -0.207 -1.508
-11.389 -3.724 -5.485
-10.196 -6.220 -1.195
-11.104 -2.389 -4.716
-11.000 -2.853 -5.080
-10.622 -1.137 -0.148
-11.018 -1.808 -2.545
-10.721 -4.829 -4.037
-10.767 -2.992 -3.464
-10.195 -3.136 -4.536
-10.104 -4.276 -5.657
-10.717 -5.658 -5.712
-10.237 -3.142 -0.543
-10.106 -3.233 -5.066
-9.987 -1.659 -5.007
-10.340 -3.766 -3.503
-12.036 -4.111 -3.473
-11.064 -2.455 -1.735
-9.908 -3.879 -2.514
-9.696 -4.495 -3.281
-9.905 -2.076 -3.986
-11.161 -2.798 -1.965
-10.661 -4.151 -4.640
-9.634 -2.483 -0.127
-9.934 -3.197 -2.302
-11.406 -1.617 -4.759
-8.603 -0.855 -7.110
-10.905 -0.569 -3.592
-11.512 1.545 -1.374
-9.640 -1.343 -2.552
-10.250 -2.717 -6.890
-10.702 -3.175 -7.212
-10.083 -3.229 -2.587
-11.165 -1.754 -2.412
-11.193 -3.485 -2.494
-12.189 -2.470 -3.567
-11.129 -2.004 -7.221
-10.171 -2.181 -0.804
-10.716 -0.667 -1.381
-10.484 -4.665 -4.581
-10.225 -3.835 -6.082
-11.134 -3.555 -2.128
-10.547 -2.471 -6.057
-9.709 -1.136 -2.481
-10.904 -2.970 -6.362
-11.218 -3.764 -4.923
-9.550 -1.356 -4.619
-11.109 0.190 -1.559
-8.956 -6.287 -10.356
-13.082 -11.329 -14.1
-14.112 -11.790 -13.5
-15.408 -10.426 -12.3
-15.723 -9.505 -11.14
-15.077 -8.274 -12.03
-13.458 -6.641 -15.34
-8.568 -0.744 -12.125
-8.605 -0.151 -11.189
-12.313 -1.050 -16.59
-12.406 -2.269 -14.82
-13.218 -2.097 -15.92
-9.288 -2.625 -9.796
-5.291 -0.793 -8.123
-5.379 -1.740 -10.044
-4.244 -3.705 -8.395
-5.321 -2.432 -12.343
-5.871 -1.694 -11.997
-5.459 -2.028 -13.113
-6.655 -4.139 -11.914
-13.813 -2.829 -12.20
-16.059 -2.661 -15.20
-16.537 -2.587 -12.91
-17.481 -3.423 -13.18
-17.356 -3.833 -12.11
-18.471 -7.025 -13.61
-18.651 -6.816 -12.78
-17.759 -6.119 -10.97
-16.981 -6.366 -10.60
-15.129 -6.285 -8.139
-16.835 -6.979 -12.03
-13.687 -6.035 -11.76
-9.446 -4.876 -13.012
-8.051 -3.963 -12.404
-9.119 -5.808 -13.874
-13.442 -13.861 -11.7
-12.966 -14.696 -10.0
-11.585 -13.869 -12.7
-9.769 -13.045 -17.06
-6.961 -9.234 -14.631
-7.994 -3.976 -7.673
-9.212 -1.850 -2.629
-13.512 -0.816 -1.887
-13.191 -0.436 -4.572
-13.006 -3.281 -4.834
-13.730 -2.011 -11.45
-14.109 -3.949 -5.660
-11.593 -4.322 -3.595
-11.879 -0.396 -0.294
-11.754 -1.710 -4.202
-12.832 -0.497 -6.825
-12.186 -0.816 -2.079
-10.882 -0.804 -2.825
-7.515 -3.394 -7.441
-8.225 -10.557 -21.36
-9.580 -12.630 -15.52
-13.005 -15.998 -16.9
-11.531 -14.208 -17.5
-11.074 -13.579 -18.5
-10.465 -14.369 -18.3
-10.725 -14.639 -19.5
-11.974 -16.014 -18.4
-12.045 -16.219 -17.6
-11.446 -13.543 -20.6
-10.396 -9.130 -20.36
-8.978 -6.585 -19.809
-10.523 -6.406 -17.62
-12.437 -5.256 -12.42
-13.498 -2.496 -13.48
-12.380 0.638 -14.618
-11.015 -0.118 -14.69
-7.720 -3.367 -11.281
-9.906 -1.925 -4.441
-9.642 -0.621 -4.232
-11.800 -2.330 -6.631
-14.973 1.452 -7.003
-14.057 0.182 -6.010
-17.391 2.003 -7.839
-15.694 1.162 -8.409
-16.043 1.354 -2.981
-13.239 -2.592 -4.124
-8.057 -5.996 -4.227
-8.345 -9.130 -3.959
-7.806 -10.424 -3.506
-6.935 -9.868 -5.363
-8.190 -8.774 -4.866
-9.256 -10.246 -3.421
-9.056 -8.882 -1.605
-11.141 -6.340 -3.323
-12.606 -5.133 -7.451
-12.721 -0.955 -10.47
-11.905 0.307 -15.802
-11.828 3.239 -15.268
-12.334 2.898 -18.606
-10.730 1.680 -18.827
-11.085 1.532 -18.842
-10.325 3.417 -17.162
-10.612 2.072 -16.502
-10.461 2.547 -17.644
-10.957 3.265 -20.816
-10.629 0.680 -19.379
-9.394 1.867 -16.072
-9.782 -0.342 -15.440
-8.974 0.839 -13.313
-10.099 -0.149 -13.82
-10.476 -0.900 -7.722
-10.257 -1.078 -3.190
-10.166 -3.000 -2.680
-11.537 -2.986 -0.470
-11.451 -2.757 -2.598
-10.815 -2.581 -3.383
-10.898 -5.296 -3.211
-9.702 -1.191 -1.133
-12.017 -2.253 -1.156
-11.922 -2.753 -1.444
-10.861 -2.526 -4.257
-9.269 -0.893 -2.044
-10.398 -2.825 0.496
-10.778 -3.114 -1.589
-12.033 -2.500 -1.221
-11.718 -3.241 -3.764
-9.810 -3.509 -1.934
-9.992 -1.810 -3.252
-10.073 -0.258 -1.161
-12.142 -5.519 -7.907
-11.657 -3.671 -2.884
-10.220 -3.395 -2.725
-9.977 -2.683 -3.732
-11.623 -4.053 -2.977
-11.365 -0.357 -5.839
-11.051 -2.924 -0.720
-9.286 -4.067 -2.519
-9.020 -1.404 -2.956
-11.535 -2.939 -0.919
-10.614 -2.982 -0.645
-8.597 -1.852 -6.101
-9.838 -4.680 -4.767
-9.885 -1.067 -1.204
-11.352 -3.476 -1.344
-9.539 -5.173 -6.854
-11.395 -3.976 -4.348
-10.907 -2.923 -3.429
-10.970 -1.278 -1.669
-9.634 -2.758 -1.953
-11.535 -0.028 -4.325
-11.724 -3.623 -3.962
-10.170 -2.270 -3.682
-11.131 -1.455 -4.450
-9.722 -1.376 -3.203
-10.865 -4.112 -0.666
-9.742 -1.998 -4.706
-11.398 -3.550 -2.776
-10.549 -1.672 -2.380
-8.461 -0.865 -4.374
-11.437 -1.034 -2.658
-10.579 -3.530 -1.999
-10.847 -3.273 -5.399
-10.279 0.349 -3.905
-10.931 -3.013 -4.524
-11.163 -6.522 -3.549
-11.193 -2.744 -5.476
-11.047 -2.465 -2.799
-9.355 -10.472 -3.744
-12.425 -15.217 -3.36
-16.297 -18.302 -8.45
-15.036 -15.997 -7.32
-13.763 -14.875 -7.48
-14.295 -12.299 -9.27
-11.763 -9.159 -11.89
-10.115 -5.597 -11.98
-7.244 -5.312 -13.799
-6.384 -1.767 -16.163
-5.790 -0.982 -12.686
-4.722 -1.561 -10.319
-6.488 -2.148 -6.695
-9.333 -0.981 -4.264
-10.897 -1.057 -6.064
-10.473 -2.163 -1.212
-10.023 -2.970 -4.890
-11.329 -3.748 -2.507
-11.867 -4.658 -5.386
-12.810 -3.579 -2.069
-10.338 -1.733 -6.399
-12.717 -1.161 -2.597
-9.689 -0.665 -5.813
-10.499 -3.889 -16.13
-11.931 -8.240 -15.22
-10.174 -10.161 -10.8
-8.791 -13.159 -6.586
-7.808 -15.327 -5.517
-8.111 -16.464 -4.752
-8.793 -15.531 -4.615
-8.988 -14.333 -3.135
-9.669 -9.619 -6.011
-9.906 -5.718 -10.604
-8.910 -2.085 -12.715
-8.629 1.915 -6.509
-11.066 1.273 -1.670
-10.420 -1.261 -0.689
-10.934 -2.070 -0.499
-10.973 -3.311 -11.11
-13.077 -0.351 -6.441
-10.732 0.589 -6.404
-7.410 -3.519 -12.403
-8.372 -3.615 -10.256
-9.385 -3.417 -12.087
-7.373 -3.829 -13.812
-7.003 -4.982 -12.777
-6.527 -1.884 -15.826
-5.965 -0.384 -13.773
-6.208 -4.311 -12.612
-8.406 -3.952 -18.447
-10.425 -0.284 -21.88
-9.567 -0.079 -15.779
-11.208 -2.050 -14.66
-9.777 -0.134 -17.131
-10.867 -0.542 -21.11
-12.446 0.897 -24.108
-10.783 2.666 -18.809
-7.326 -0.874 -11.743
-6.324 -2.079 -10.520
-7.708 -1.459 -12.782
-7.282 -2.644 -12.248
-6.103 -1.645 -8.934
-5.990 -1.509 -3.577
-10.178 -1.448 -0.863
-10.738 -1.244 -3.893
-10.113 -1.140 -5.193
-9.609 -3.848 -5.616
-10.680 -1.755 -4.901
-13.821 -3.238 -2.845
-10.885 -2.925 -5.037
-8.320 -12.734 -9.306
-9.151 -15.899 -14.04
-8.745 -14.440 -15.75
-9.150 -12.974 -17.53
-9.652 -13.631 -18.05
-8.956 -14.636 -20.49
-7.559 -13.924 -19.42
-8.083 -14.273 -19.72
-5.613 -10.741 -19.76
-7.279 -10.165 -20.93
-7.832 -8.741 -17.667
-6.571 -8.012 -14.072
-7.158 -2.497 -6.145
-8.604 0.079 -3.182
-9.770 -1.926 -5.771
-11.027 0.070 -3.553
-12.434 -3.732 -6.467
-10.081 0.303 -5.907
-9.879 -2.817 -5.908
-11.062 -1.389 -2.016
-11.893 -4.125 -6.869
-10.214 -3.373 -7.311
-6.149 -2.342 -8.749
-6.234 -2.182 -12.590
-6.091 -1.771 -11.805
-6.702 -2.362 -13.589
-8.333 -3.091 -13.015
-7.708 -1.300 -13.881
-7.684 -1.269 -12.229
-6.892 -2.036 -11.142
-6.667 -2.863 -12.401
-6.974 -6.457 -10.763
-8.220 -3.809 -10.762
-5.903 0.056 -7.003
-8.384 -0.455 -3.079
-9.100 -0.202 -5.906
-10.788 -1.809 -6.081
-12.292 -5.631 -6.794
-11.703 -1.707 -2.883
-12.171 -3.984 -5.859
-10.247 -0.565 -3.350
-11.335 -0.868 -2.949
-10.798 -2.583 -7.082
-11.722 -2.544 -6.540
-9.757 -2.587 -3.372
-10.810 -2.252 -2.166
-9.619 -2.165 -4.740
-11.092 -3.768 -2.842
-11.852 -1.448 -2.967
-9.736 -1.092 -1.507
-9.874 -1.801 -0.849
-10.333 -2.497 -2.274
-12.046 -5.458 -5.349
-11.598 -5.202 -6.012
-19.023 -3.804 0.238
-14.147 -3.276 -2.059
-10.018 -1.457 -1.003
-10.252 -4.673 -5.316
-10.658 -5.060 -6.151
-11.605 -3.167 -2.655
-10.451 0.416 0.875
-9.506 -1.412 -2.972
-9.825 -2.532 -5.357
-11.144 -3.723 -2.629
-10.297 -3.445 -3.008
-9.899 -1.493 -2.320
-9.941 -1.669 -3.449
-8.619 -1.419 -5.806
-10.381 -3.152 -4.082
-12.169 -2.487 -2.172
-11.869 -2.075 -2.300
-11.150 -0.199 -3.186
-10.932 -0.493 -6.280
-12.866 -3.411 -1.474
-10.559 -2.691 -4.585
-12.535 -4.094 -3.044
-9.568 0.072 -4.013
-11.438 -0.437 -1.709
-9.469 -0.850 -0.260
-11.805 -4.566 -6.142
-11.690 -5.876 -3.746
-11.747 -3.315 -4.468
-12.087 -4.543 -3.134
-8.678 -1.084 -2.554
-10.449 -0.186 -2.685
-11.648 0.178 -0.622
-12.761 -5.990 -4.851
-11.663 -5.155 -3.569
-10.764 -1.037 -6.075
-8.955 -1.801 -4.029
-9.525 -2.655 -1.705
-10.029 -1.370 -1.608
-10.692 -0.658 -2.254
-10.411 -3.186 -6.118
-10.645 -5.875 -8.070
-13.238 -10.868 -12.0
-12.252 -10.533 -12.7
-14.825 -13.286 -16.0
-11.552 -9.939 -16.74
-10.488 -10.304 -17.8
-8.344 -6.063 -17.063
-5.311 -0.915 -8.706
-6.063 -0.133 -5.267
-7.029 0.914 -2.914
-8.201 -1.508 -2.763
-9.570 -0.522 -1.393
-10.720 -0.383 -1.257
-11.186 -2.624 -4.375
-10.684 -3.734 -15.71
-11.989 -11.802 -19.1
-13.673 -15.310 -14.9
-12.956 -15.304 -14.4
-12.576 -15.603 -14.0
-12.307 -16.058 -13.4
-12.350 -17.011 -13.6
-12.574 -17.141 -12.7
-13.495 -18.512 -15.1
-12.217 -16.965 -13.6
-13.344 -17.671 -14.5
-12.023 -15.345 -17.4
-13.104 -15.345 -22.5
-10.501 -13.512 -21.7
-8.611 -13.261 -19.35
-9.411 -12.810 -19.87
-6.571 -10.312 -17.16
-5.061 -2.867 -9.801
-9.261 0.477 -6.221
-10.916 -3.205 -3.312
-12.110 -3.534 -3.714
-12.356 -1.471 -5.987
-12.512 -1.381 -6.050
-12.714 -0.160 -6.489
-13.543 -1.651 -2.060
-14.665 -0.796 -4.076
-14.042 -0.746 -4.371
-14.388 -3.756 -3.859
-12.624 -5.558 -8.400
-10.416 -3.024 -7.569
-12.124 -2.056 1.981
-9.622 -0.621 -0.919
-11.828 -2.994 -5.756
-11.331 1.393 -2.181
-9.019 5.999 2.596
-4.933 10.379 -0.109
-5.807 1.479 -7.025
-8.648 2.247 -8.491
-12.428 -0.892 -12.82
-15.552 -1.779 -19.28
-13.792 0.533 -19.588
-14.962 1.279 -23.329
-14.491 3.532 -25.302
-12.832 3.761 -24.417
-11.789 6.757 -19.957
-10.614 4.099 -19.121
-8.614 -0.991 -8.476
-9.814 -2.876 -5.865
-10.483 -4.792 -6.564
-17.725 -3.139 4.772
-14.341 -5.232 -0.839
-7.791 -4.205 -12.513
-10.187 -9.949 -15.87
-9.072 -13.020 -15.37
-9.267 -17.473 -13.79
-8.789 -16.254 -16.68
-5.208 -11.952 -16.78
-4.742 -9.782 -13.557
-3.303 -4.436 -12.313
-3.856 -2.132 -13.073
-4.931 -2.043 -8.590
-5.580 -2.653 -10.069
-5.598 -5.768 -11.048
-4.847 -3.070 -14.448
-6.390 -12.129 -24.68
-8.700 -13.021 -20.15
-9.654 -13.611 -20.29
-10.242 -13.314 -20.4
-9.923 -12.955 -22.59
-10.275 -14.670 -20.3
-10.188 -14.050 -19.6
-9.487 -13.766 -19.39
-9.255 -12.945 -18.40
-9.673 -12.105 -19.16
-9.663 -11.358 -18.43
-10.115 -11.775 -20.3
-9.062 -8.036 -17.394
-8.481 -8.182 -16.818
-7.487 -7.447 -12.567
-6.086 -6.787 -11.197
-5.428 -5.068 -8.720
-8.373 -3.976 -8.690
-8.724 -5.307 -7.440
-9.830 -2.574 -3.589
-10.871 -3.616 -6.292
-11.912 -5.612 -5.260
-12.453 -3.771 -4.802
-12.677 -4.735 -5.069
-12.547 -6.085 -9.879
-11.548 -5.234 -8.627
-9.540 -6.074 -9.337
-9.817 -11.333 -6.964
-11.293 -14.848 -6.66
-13.611 -16.668 -8.01
-14.925 -15.867 -7.78
-15.845 -15.755 -7.62
-17.240 -14.965 -9.89
-17.817 -12.552 -9.52
-16.083 -7.700 -9.400
-15.474 -4.660 -11.21
-14.758 -3.700 -11.39
-11.914 -4.839 -8.758
-9.518 -5.875 -13.863
-9.185 -5.427 -11.679
-6.930 -2.203 -10.463
-5.656 -2.838 -11.074
-7.511 -1.049 -1.822
-10.071 -2.388 -3.244
-10.685 -4.255 -2.700
-11.800 -6.305 -5.234
-13.106 -1.424 -8.058
-14.562 -2.036 -2.574
-8.679 -1.868 -3.502
-6.613 -3.101 -11.146
-8.629 -2.110 -0.974
-12.884 -6.210 -4.838
-10.930 -6.867 -5.237
-12.201 -2.177 -2.428
-12.714 -3.667 -1.971
-14.487 -6.672 -0.809
-14.113 -1.030 -2.765
-13.948 0.066 -2.103
-11.455 -2.504 -2.588
-9.286 -5.315 -10.861
-9.113 -6.591 -7.684
-9.627 -5.964 -7.719
-9.902 -3.252 -5.714
-8.323 -1.717 -9.138
-7.816 -3.770 -11.393
-6.801 -1.998 -10.689
-7.254 -0.569 -12.304
-5.599 -1.408 -10.874
-5.255 -0.965 -6.400
-6.762 -0.309 -3.293
-7.359 0.639 -4.049
-7.727 -2.841 -8.709
-6.934 -0.470 -6.855
-10.944 2.463 -11.114
-12.276 5.630 -16.108
-11.162 7.175 -16.197
-12.308 6.064 -18.747
-11.564 6.333 -20.839
-12.092 5.312 -22.736
-11.271 3.732 -23.612
-10.935 4.967 -21.785
-10.736 2.936 -21.909
-9.851 2.334 -18.197
-9.958 2.036 -18.321
-9.213 0.571 -17.224
-7.064 -3.079 -15.093
-7.641 -2.063 -13.940
-7.027 -0.045 -13.501
-7.384 -2.143 -11.589
-6.876 -1.857 -10.127
-5.386 -3.368 -7.515
-6.526 -3.241 -7.619
-7.526 -2.039 -10.139
-6.850 -3.665 -10.637
-8.618 -1.166 -3.317
-11.117 -2.082 -1.666
-10.342 -1.239 -6.190
-10.756 -2.187 -2.896
-10.944 -0.460 -5.397
-12.601 -5.082 -8.237
-10.961 -1.874 -3.473
-9.703 -0.797 -3.758
-8.499 -3.031 -7.815
-11.648 -1.481 -9.062
-9.726 -5.938 -10.987
-12.587 -5.995 -14.42
-11.424 -5.901 -13.70
-9.668 -6.107 -10.285
-11.832 -4.987 -12.73
-13.163 -2.772 -14.37
-15.913 1.436 -15.957
-14.665 1.406 -14.501
-16.846 -0.062 -15.18
-15.097 -0.922 -14.94
-13.998 1.057 -15.270
-10.917 0.766 -15.372
-8.730 -1.747 -13.870
-6.628 -2.930 -11.935
-7.276 -3.550 -13.463
-7.200 -2.833 -12.062
-6.321 -0.124 -9.643
-6.076 -0.412 -9.249
-5.895 0.465 -7.438
-6.882 2.598 -7.026
-8.411 0.128 -9.932
-9.747 0.719 -14.540
-10.854 -0.728 -12.91
-9.058 -1.980 -10.708
-6.705 -0.294 -8.912
-5.366 -1.330 -11.026
-5.134 -4.496 -12.590
-5.588 -5.485 -13.621
-5.630 -7.558 -15.428
-6.396 -9.819 -13.901
-6.095 -11.915 -12.76
-7.199 -14.887 -10.77
-8.083 -15.705 -9.153
-9.333 -15.799 -8.102
-10.060 -16.669 -8.80
-10.104 -14.704 -9.09
-9.370 -15.178 -9.114
-9.944 -12.870 -10.30
-9.239 -13.295 -9.093
-8.502 -9.753 -9.369
-8.242 -6.158 -7.807
-9.215 -3.245 -7.366
-12.439 -2.593 -3.913
-12.455 -3.681 -5.456
-13.187 -1.697 -2.654
-11.319 2.206 3.140
-9.953 -3.997 -0.429
-9.260 -1.247 -1.093
-10.000 2.029 0.458
-10.602 -1.399 -7.337
-11.259 0.231 -2.818
-5.878 -3.172 -9.387
-7.207 -4.368 -9.955
-7.144 -7.309 -10.050
-7.016 -10.020 -13.76
-5.184 -11.675 -18.23
-4.091 -13.048 -22.39
-6.091 -15.687 -18.87
-7.298 -16.477 -17.76
-9.847 -19.352 -17.64
-10.388 -20.101 -19.0
-11.498 -20.610 -19.0
-10.554 -17.220 -16.3
-10.854 -16.635 -14.6
-10.936 -14.303 -14.2
-8.676 -10.117 -9.954
-7.330 -3.758 -8.349
-10.366 -2.633 -4.554
-9.305 -2.915 -7.442
-11.297 -4.004 -5.699
-12.023 -0.315 -3.356
-12.890 -0.778 -5.212
-13.109 1.656 -3.048
-9.550 -4.958 -14.234
-10.085 -4.106 -13.89
-10.004 -2.374 -11.35
-10.500 -2.155 -13.64
-9.840 -0.346 -11.277
-10.396 -2.195 -11.90
-9.184 -0.866 -12.094
-6.807 -0.616 -10.802
-5.935 -1.791 -8.064
-7.657 0.298 -4.700
-9.558 0.441 -0.967
-9.938 -0.039 -7.266
-9.658 -1.141 -9.110
-11.510 -6.372 -10.97
-11.115 -5.238 -8.742
-9.674 -0.960 -6.840
-9.362 -1.875 -11.971
-8.917 3.678 -12.081
-7.221 -1.627 -14.119
-7.583 -0.518 -15.475
-11.057 0.676 -17.476
-10.989 4.304 -20.800
-9.648 4.014 -17.580
-10.067 6.061 -16.347
-7.937 1.983 -10.989
-7.934 -0.387 -4.695
-9.601 -4.248 -8.402
-9.277 -2.206 -3.145
-12.212 -4.548 -3.376
-11.129 1.140 -4.113
-11.412 1.010 -4.125
-11.204 2.521 -5.746
-9.304 0.528 -10.715
-7.604 0.042 -9.620
-6.958 -0.466 -11.585
-8.718 0.813 -12.827
-8.469 2.733 -11.661
-8.374 3.837 -15.943
-9.934 1.333 -13.421
-10.075 -0.111 -11.44
-9.151 0.349 -10.482
-7.364 -0.770 -9.046
-5.218 -1.732 -6.292
-5.173 -2.229 -8.511
-4.966 -2.695 -11.270
-4.836 -4.789 -12.418
-6.461 -3.803 -9.702
-4.920 0.529 -11.137
-5.235 -1.869 -10.661
-5.423 -3.855 -11.494
-4.694 -4.333 -12.603
-6.933 -3.050 -10.928
-7.206 -4.208 -12.886
-8.920 -0.237 -4.640
-10.699 -2.378 -1.039
-8.207 -2.474 -7.375
-9.724 -3.045 -6.660
-11.399 -4.060 -4.470
-11.710 -7.073 -6.353
-11.803 -2.876 -4.018
-9.697 0.342 -4.467
-13.852 0.492 -9.641
-13.387 5.455 -8.217
-16.653 2.429 -8.807
-16.248 -1.588 -10.08
-16.113 2.151 -4.954
-12.635 -2.625 -2.386
-10.233 -2.458 -2.301
-8.012 -14.323 -7.692
-8.404 -15.570 -7.954
-10.400 -20.084 -6.79
-12.058 -19.339 -6.80
-12.601 -17.398 -5.27
-14.125 -17.284 -6.03
-14.338 -14.288 -6.01
-14.303 -11.013 -7.20
-16.297 -11.145 -10.9
-17.250 -10.059 -14.6
-14.116 -3.101 -17.38
-13.371 -0.461 -16.07
-8.861 0.323 -10.846
-7.334 -1.227 -5.085
-11.083 -2.408 -4.048
-11.436 -4.306 -5.364
-14.972 -3.921 -5.722
-14.110 -0.382 -0.856
-11.725 -0.247 -4.405
-7.174 1.014 -6.448
-7.732 -1.218 -6.497
-7.249 -0.711 -9.659
-4.513 -3.665 -9.106
-6.398 -0.502 -5.827
-7.656 -0.670 -3.835
-10.122 -0.813 -2.444
-10.880 -2.361 -0.151
-12.536 -2.741 -2.449
-10.969 -1.216 -1.974
-10.975 -0.639 -2.402
-9.960 -1.373 -4.528
-10.881 -3.108 -6.786
-13.291 -1.181 -5.412
-13.280 -4.442 -6.829
-10.890 -2.484 -5.024
-8.908 -2.728 -2.672
-5.355 -9.278 -14.389
-4.560 -10.432 -15.96
-6.577 -8.293 -14.937
-7.044 -9.051 -14.848
-8.523 -11.540 -14.08
-7.807 -7.726 -12.200
-7.190 -6.478 -7.824
-7.753 -5.002 -9.863
-8.779 -4.542 -8.071
-8.478 -4.280 -8.261
-9.635 -2.887 -9.156
-10.369 0.200 -3.271
-13.517 2.851 -4.121
-16.507 2.253 -5.009
-16.451 3.708 -3.684
-18.651 3.255 -5.855
-17.465 3.866 -9.886
-18.694 4.118 -7.970
-18.686 5.494 -4.491
-16.840 5.516 -8.641
-18.243 3.739 -5.053
-15.591 2.646 -4.331
-15.633 2.452 -7.949
-16.919 2.960 -7.802
-17.434 3.327 -5.203
-13.540 0.300 -9.585
-13.297 0.273 -4.734
-12.368 0.128 -3.991
-12.497 -4.041 -5.090
-12.388 -4.985 -5.448
-11.498 -0.803 0.738
-11.750 -1.536 -1.459
-10.138 -0.338 -1.730
-11.819 -4.794 -1.739
-12.425 -2.665 -7.024
-12.556 -3.724 -2.504
-11.214 -5.443 -4.833
-10.502 -4.176 -1.931
-12.040 -2.525 -1.686
-11.259 -2.755 -3.388
-11.889 -4.356 -4.517
-10.829 -2.777 -3.188
-11.671 -0.594 -3.151
-9.775 -1.888 -2.826
-12.222 -1.065 0.220
-10.798 -2.696 -5.837
-11.890 -6.641 -2.866
-12.306 -2.789 -4.225
-10.996 -0.057 -3.593
-9.215 -0.797 -5.215
-10.971 -4.658 -4.717
-10.545 -4.443 -5.170
-11.359 -5.414 -3.349
-11.136 -3.122 -3.803
-10.950 -1.866 -1.808
-9.989 -2.910 -2.574
-13.029 -5.700 -3.263
-10.642 -2.863 -3.794
-10.388 -2.957 -3.214
-11.798 -3.641 -1.060
-10.328 -1.332 -0.792
-10.639 -4.153 -0.251
-11.657 -4.354 -2.437
-12.313 -6.671 -6.306
-10.972 -2.597 -1.577
-10.224 -1.376 -4.728
-10.133 -0.428 0.601
-10.027 -2.735 -4.223
-10.131 -1.727 -3.814
-11.052 -0.556 -5.298
-11.235 -1.731 -1.890
-9.379 -1.459 -0.406
-11.087 -2.530 -3.145
-12.293 -1.958 -2.371
-10.678 -4.387 -7.671
-10.627 -0.878 -2.961
-10.814 -2.121 -1.569
-11.296 -4.537 -0.338
-11.973 -2.462 -5.122
-10.668 -5.397 -6.801
-11.660 -2.383 -2.379
-11.299 -3.748 -6.181
-9.484 0.583 -2.149
-11.521 -4.203 -5.143
-11.397 -3.562 -5.112
-11.053 -0.843 -6.336
-11.587 -1.860 -2.953
-9.700 -0.935 -0.544
-9.471 -0.224 -2.830
-10.148 -0.892 -4.277
-11.498 -1.798 -4.784
-11.227 -6.093 -1.201
-11.074 -1.362 -1.615
-8.627 -0.667 -2.321
-10.386 -0.929 -6.046
-11.139 -3.598 -9.145
-10.487 -1.325 -4.018
-14.717 1.759 -0.005
-22.767 -0.670 -3.048
-14.643 -0.814 -0.809
-11.188 -2.771 -2.929
-11.422 -6.211 -4.812
-11.096 -2.640 -3.166
-9.631 -3.249 -3.341
-9.246 -0.727 0.075
-9.890 -1.397 -3.692
-10.719 -1.911 -2.218
-10.755 -1.551 -1.753
-10.245 -1.876 -1.061
-10.563 -1.785 0.449
-10.847 -2.833 -1.819
-10.050 -3.311 -6.696
-11.171 -2.204 -4.033
-11.922 -0.807 -2.569
-10.474 -1.933 -2.277
-10.158 -0.408 -1.833
-11.770 -2.361 -4.669
-11.333 -2.317 -3.050
