-16.066 -0.879 1.549
-15.513 0.313 1.994
-16.306 -0.822 5.120
-19.349 -1.984 5.156
-17.428 0.888 4.216
-17.152 -0.312 5.788
-18.485 -0.045 6.310
-16.729 1.123 7.863
-18.328 -2.032 3.889
-16.945 -1.076 3.952
-16.762 1.719 7.598
-16.669 -0.145 4.512
-15.785 2.131 3.105
-17.050 0.227 1.498
-16.822 1.909 3.377
-15.488 1.457 1.702
-14.737 3.702 3.066
-15.589 1.719 0.370
-16.828 3.156 3.823
-17.023 2.313 0.292
-13.540 5.491 0.191
-12.917 5.307 -3.338
-13.251 5.410 -1.056
-11.760 4.392 -0.349
-12.074 5.493 0.919
-13.401 3.453 2.815
-11.249 3.250 1.976
-14.890 5.688 -0.582
-19.701 0.497 -5.242
-19.753 0.688 -3.039
-18.344 1.898 -6.700
-20.453 0.450 -7.377
-21.669 -0.675 -7.627
-20.829 -0.122 -7.572
-16.865 -0.883 -1.729
-14.805 1.600 1.306
-15.190 2.563 3.174
-16.727 -2.464 1.945
-14.448 -0.506 -2.874
-5.257 -12.331 -4.872
-4.812 -17.384 -10.941
-5.220 -15.689 -11.013
-6.583 -15.557 -14.430
-5.513 -13.814 -13.514
-6.565 -12.579 -17.535
-5.562 -11.212 -17.614
-6.397 -11.285 -19.228
-5.752 -9.788 -17.345
-4.299 -6.646 -14.916
-8.910 -0.010 -5.701
-11.472 1.656 3.471
-11.486 3.268 2.684
-11.654 0.797 4.317
-12.902 -1.357 2.714
-13.358 1.056 7.746
-12.652 -0.154 6.049
-11.895 0.503 -0.686
-7.147 -10.279 -3.557
-5.957 -13.578 -0.612
-7.521 -15.228 2.971
-10.730 -15.029 5.283
-11.747 -11.016 6.941
-13.985 -7.663 5.808
-15.994 -3.372 3.976
-17.177 0.996 2.429
-16.427 2.466 -1.292
-16.022 1.787 0.026
-13.621 -0.851 0.481
-11.101 0.601 -1.334
-17.372 3.016 -2.589
-19.565 2.343 1.587
-19.628 -2.187 -2.022
-17.849 0.965 -2.163
-20.468 -3.552 -0.704
-22.995 -0.485 -0.095
-15.048 2.098 -2.666
-12.473 -4.008 -4.744
-14.180 -1.092 -5.843
-14.432 0.198 -5.678
-14.167 0.028 -3.954
-14.545 -0.431 -3.537
-15.074 1.207 -6.607
-15.791 3.054 -6.642
-15.714 6.018 -6.441
-15.347 7.035 -6.271
-14.658 7.121 -5.173
-13.967 7.073 -5.331
-12.066 2.532 1.617
-8.023 6.017 -2.150
-9.899 3.920 0.868
-11.192 2.140 2.816
-12.028 1.727 4.254
-13.147 1.105 1.781
-14.536 -1.344 -2.376
-14.864 -0.191 1.901
-15.890 0.236 -4.976
-18.070 1.195 -6.091
-18.675 1.108 -2.274
-20.275 1.613 -0.487
-18.552 1.816 -0.930
-21.137 -2.401 -10.147
-20.018 0.255 -4.796
-19.612 0.659 -2.246
-15.722 -2.118 -7.216
-11.812 -7.848 -3.674
-14.806 -10.528 -8.817
-13.831 -12.950 -10.931
-13.860 -13.228 -10.764
-12.795 -11.637 -8.752
-13.018 -12.612 -9.411
-12.370 -11.793 -9.403
-9.309 -6.892 -2.369
-7.958 -5.765 0.689
-6.749 -0.903 -1.531
-8.866 -0.171 -5.286
-16.650 1.194 -1.404
-19.858 1.862 -3.708
-18.685 2.000 -3.583
-20.137 2.988 -5.651
-20.366 4.161 -7.104
-17.640 0.280 -8.983
-10.555 -0.687 -4.639
-10.378 -7.270 -2.740
-10.655 -6.000 -6.007
-10.985 -5.627 -3.133
-10.482 -4.262 0.124
-9.363 0.949 3.634
-10.335 0.583 5.114
-10.204 -0.336 2.148
-9.807 -5.705 1.547
-11.966 -6.011 -0.083
-11.908 -3.632 0.660
-12.336 -3.407 -2.646
-12.217 -4.100 -5.053
-13.302 -4.808 -5.658
-14.498 -5.639 -6.698
-15.238 -4.062 -7.326
-15.902 -1.048 -7.346
-15.243 2.958 -6.297
-15.522 5.190 -5.870
-14.981 7.713 -4.849
-13.850 8.871 -3.138
-13.565 7.630 -3.165
-11.837 4.737 -3.726
-8.394 5.054 1.020
-10.064 3.543 4.905
-11.756 2.298 6.654
-13.337 2.198 4.163
-14.286 -0.880 0.557
-13.976 0.051 2.855
-15.555 0.585 2.713
-12.829 0.833 5.666
-13.607 -3.656 0.003
-12.897 -2.110 -2.089
-12.739 -1.971 0.319
-10.407 -1.712 0.029
-13.389 -2.509 3.650
-16.034 -2.952 2.498
-15.206 -3.025 -0.513
-16.654 -1.532 -0.965
-16.453 0.475 4.664
-15.866 0.235 3.565
-16.514 -3.374 -2.663
-16.247 -0.239 -0.621
-15.208 0.218 -0.007
-14.395 -2.617 2.645
-15.252 -3.567 1.771
-14.374 -4.067 -2.930
-14.940 0.374 0.408
-14.665 0.389 0.748
-13.532 -1.586 -3.448
-14.482 -1.123 1.080
-14.341 -0.047 -1.767
-11.888 0.135 -2.677
-12.257 0.751 -0.953
-13.587 0.697 0.797
-13.287 -3.954 -2.739
-11.288 -0.727 -2.399
-14.963 -0.862 5.221
-15.435 2.094 0.321
-15.012 -1.978 0.770
-15.985 -3.238 0.632
-14.115 -1.938 2.326
-14.052 -0.115 0.786
-16.543 -0.551 -3.834
-17.574 -0.612 -7.823
-19.368 0.016 -6.652
-17.295 -0.209 -5.525
-8.893 -2.895 -0.824
-10.807 -8.321 -0.658
-11.067 -7.523 0.845
-11.411 -7.740 4.442
-10.074 -8.320 0.287
-10.403 -10.022 -4.285
-11.358 -10.494 -8.585
-11.874 -9.981 -9.773
-11.295 -9.709 -11.385
-8.106 -4.101 -2.714
-8.371 -0.218 -0.780
-12.500 -0.261 2.499
-14.139 -4.216 -1.271
-13.652 -0.465 -4.307
-12.927 1.920 3.074
-13.423 0.390 2.310
-18.250 -3.880 -2.038
-14.671 -2.842 -6.545
-6.088 -5.240 -18.895
-6.272 -7.893 -23.306
-7.798 -11.584 -23.453
-9.257 -11.762 -23.509
-9.981 -12.509 -23.789
-10.522 -14.513 -19.638
-10.965 -13.978 -15.912
-13.506 -15.554 -12.892
-14.896 -15.055 -12.170
-15.695 -12.677 -10.191
-16.447 -9.597 -8.807
-16.300 -5.254 -7.343
-17.326 -2.385 -8.164
-16.934 0.192 -6.721
-16.864 -0.014 -6.916
-12.299 2.112 -2.954
-14.904 -1.161 -1.906
-14.921 -5.230 -5.531
-14.375 -5.157 -5.798
-15.500 -8.515 -10.990
-13.873 -6.632 -7.877
-15.205 -8.240 -10.720
-14.283 -7.690 -8.212
-10.443 -2.800 -2.306
-13.499 -7.219 -4.132
-13.780 -9.476 -5.566
-12.356 -8.648 -9.070
-11.839 -4.370 -7.690
-11.135 -2.275 -4.593
-10.524 -1.076 -6.312
-11.110 -5.364 -6.592
-9.504 -8.362 -9.708
-12.898 -6.818 -5.777
-14.485 -5.147 -5.600
-14.769 -2.573 -3.742
-13.407 -4.582 -2.527
-12.304 -4.552 -0.789
-12.219 -4.921 -0.924
-11.222 -6.281 1.604
-11.248 -8.109 -3.668
-12.503 -9.915 -8.582
-13.531 -13.509 -13.888
-13.322 -14.083 -16.807
-12.850 -13.949 -17.099
-11.941 -14.769 -19.657
-10.841 -13.724 -20.824
-10.174 -13.330 -19.353
-9.948 -12.194 -20.837
-9.192 -11.728 -23.284
-8.475 -10.265 -22.046
-8.702 -8.720 -20.850
-9.283 -8.430 -17.030
-10.372 -8.123 -13.350
-11.524 -6.912 -10.468
-10.096 -8.305 -4.246
-10.648 1.096 1.285
-15.095 4.460 -1.989
-17.296 -2.752 -7.697
-16.168 0.667 -11.559
-12.335 -0.523 -7.242
-9.674 -7.705 -7.525
-10.779 0.082 -3.378
-15.353 -2.095 -2.561
-15.805 -2.022 -0.442
-13.088 -6.419 -1.475
-13.202 -4.351 -0.614
-12.094 -2.485 -0.594
-11.118 -10.487 -11.036
-12.859 -4.437 -4.173
-12.922 -5.390 0.157
-13.430 -1.916 1.193
-13.692 -1.550 2.802
-15.104 -2.059 -0.237
-14.325 -2.800 2.081
-12.171 -0.909 2.309
-12.264 -2.851 -0.035
-14.226 -1.675 5.192
-15.042 -3.009 -0.090
-13.523 -3.411 -2.322
-11.851 -2.707 0.833
-13.627 -2.682 0.095
-15.411 -3.551 3.924
-13.902 -3.272 -2.700
-13.454 -3.802 -1.536
-12.812 -2.268 -1.781
-13.991 -1.346 -1.258
-13.717 -1.712 -2.629
-14.567 0.431 0.295
-12.574 -0.159 -0.624
-14.308 -2.312 1.088
-14.300 -5.088 -3.617
-13.671 -5.314 -5.713
-13.294 -3.003 -0.547
-12.992 -3.261 -3.016
-12.734 -2.516 -3.154
-14.469 -7.701 -2.980
-14.715 -7.032 -0.625
-14.362 -7.603 -2.014
-14.200 -7.495 -3.133
-14.091 -7.332 -2.238
-15.913 -7.400 -0.934
-14.453 -4.510 1.356
-15.019 -5.081 0.011
-15.722 -4.131 0.667
-16.956 -3.426 -0.882
-16.579 -2.534 -1.380
-14.593 -0.159 2.548
-15.794 -0.038 4.228
-16.011 -1.516 -0.688
-14.858 -0.536 2.363
-14.925 1.716 6.468
-14.380 1.206 2.816
-13.936 -0.633 3.082
-15.786 -1.158 0.884
-14.893 -0.361 2.961
-14.492 1.986 1.352
-14.893 1.756 -0.503
-16.214 0.406 5.494
-14.755 3.044 2.591
-16.140 2.253 3.403
-14.880 -1.690 -3.706
-10.897 -8.114 -8.818
-3.306 -13.855 -15.799
-7.057 -17.344 -21.305
-3.984 -15.469 -22.397
-4.671 -16.311 -22.347
-2.838 -15.327 -21.704
-3.494 -15.745 -20.062
-2.949 -17.236 -17.606
-3.028 -20.125 -16.645
-5.149 -21.624 -17.089
-4.944 -22.012 -15.614
-6.483 -21.617 -12.319
-8.148 -19.367 -8.603
-11.668 -15.965 -7.207
-11.207 -12.041 0.954
-9.602 -10.473 6.074
-11.388 1.534 -1.160
-14.382 3.120 1.268
-13.261 1.497 -0.052
-16.059 -0.492 1.782
-20.033 1.344 -8.708
-18.862 2.627 -10.567
-19.995 -0.186 -8.172
-19.455 -0.314 -5.318
-11.695 -0.807 -4.935
-5.392 -10.080 -9.240
-4.749 -17.643 -10.665
-6.464 -19.652 -14.741
-5.715 -19.595 -13.530
-5.001 -20.753 -15.024
-3.901 -21.547 -14.931
-3.220 -21.648 -13.764
-3.678 -22.164 -9.867
-4.681 -21.306 -8.547
-5.695 -21.566 -6.873
-7.500 -19.682 -4.863
-10.439 -16.789 -3.221
-10.430 -14.990 -1.109
-7.189 -12.083 3.026
-11.762 -0.474 4.715
-15.722 -0.142 6.928
-17.263 -3.594 6.858
-17.144 -9.114 5.068
-15.995 -12.060 6.263
-17.159 -10.971 0.404
-5.471 -7.541 -5.395
-7.783 -13.547 -10.254
-10.063 -14.298 -15.415
-10.698 -13.448 -19.709
-9.287 -10.953 -23.529
-8.453 -10.272 -21.748
-7.590 -8.266 -20.118
-5.521 -5.632 -16.637
-10.066 -1.550 -8.832
-16.733 1.542 -4.823
-18.694 -0.451 -4.372
-17.090 -2.534 -5.786
-17.191 0.645 -3.483
-18.286 -3.011 -3.734
-19.846 -1.565 -4.178
-18.313 -1.641 -7.283
-20.645 -0.428 -5.677
-17.127 0.658 -8.455
-8.524 -2.618 -17.387
-8.430 -5.690 -17.865
-8.712 -6.215 -20.388
-8.517 -7.084 -21.204
-8.213 -11.167 -23.849
-7.827 -13.754 -22.996
-7.154 -14.709 -22.158
-5.834 -15.527 -19.346
-5.951 -18.565 -17.529
-5.779 -19.105 -13.620
-6.151 -19.010 -11.968
-6.524 -20.814 -9.336
-6.789 -19.383 -7.998
-7.806 -18.240 -5.503
-8.830 -16.155 -4.681
-10.602 -14.242 -3.444
-11.620 -11.219 -1.522
-8.386 -10.343 0.998
-9.963 0.122 -1.978
-18.187 4.964 -1.277
-24.170 3.800 -1.358
-23.688 4.355 -6.328
-24.092 8.233 -6.127
-25.419 9.214 -7.249
-25.065 9.042 -9.056
-23.952 7.395 -3.885
-21.558 9.835 -2.784
-16.397 3.783 -5.927
-13.157 -4.019 -5.664
-13.836 -4.721 -7.866
-13.458 -4.511 -6.589
-14.234 -5.215 -7.937
-12.504 -3.858 -5.778
-11.708 -3.672 -4.255
-10.861 -6.090 -4.554
-10.806 -5.269 -2.358
-10.943 -3.313 -3.549
-14.956 1.318 -4.211
-15.575 3.386 -1.674
-17.909 4.873 -3.719
-20.526 -0.995 -5.920
-19.538 4.450 -1.682
-16.620 4.610 -4.840
-17.571 3.925 -6.338
-18.050 5.624 -1.827
-18.185 1.019 -5.218
-18.187 2.589 -3.552
-17.069 4.414 -6.080
-17.247 2.793 -6.589
-19.284 1.402 -7.172
-18.246 -0.783 -6.046
-14.285 2.223 -6.639
-17.460 3.604 -7.458
-16.054 2.241 -0.090
-14.505 -0.116 0.516
-12.799 2.085 0.479
-13.324 -0.383 1.903
-14.672 -0.623 1.071
-13.900 0.381 -2.408
-14.625 1.775 -4.491
-13.169 1.167 -2.429
-15.402 1.360 0.468
-15.171 1.482 -1.751
-14.191 3.275 0.318
-14.125 -0.158 -1.639
-13.803 0.567 -1.236
-14.275 -0.910 -1.916
-14.408 -2.399 -2.265
-14.082 -0.477 -0.504
-14.125 1.775 2.711
-13.959 -1.253 -0.880
-20.791 -3.177 1.115
-19.672 -3.571 -1.857
-17.690 -2.404 -0.474
-18.793 0.999 -0.183
-19.069 -0.638 0.885
-19.057 -3.864 -0.206
-19.581 -0.272 -0.488
-17.985 -0.919 1.692
-16.766 -0.206 1.530
-16.370 0.546 4.219
-18.716 -1.284 1.679
-19.761 -1.426 -0.405
-18.599 -0.373 0.884
-16.933 0.796 6.112
-17.023 0.754 1.230
-17.298 0.226 3.798
-17.116 2.159 -1.634
-19.012 0.969 -3.545
-16.829 1.019 0.219
-17.096 3.259 1.301
-10.405 6.387 -0.773
-11.670 3.467 -3.985
-14.116 3.093 -2.769
-13.288 2.367 -0.253
-13.359 0.849 2.495
-11.521 -0.997 4.086
-12.617 -1.647 2.290
-12.889 -0.665 1.286
-12.666 0.235 2.282
-11.415 -3.225 3.289
-11.758 -5.034 0.847
-12.486 -5.472 -2.800
-14.067 -6.920 -6.323
-12.556 -6.054 -4.127
-12.553 -2.792 -0.894
-12.111 -1.704 0.339
-12.204 -2.450 0.149
-12.179 -3.136 -0.196
-11.568 -4.374 -0.377
-10.589 -5.658 -2.024
-11.147 -13.838 -10.512
-13.406 -16.122 -10.334
-14.335 -17.045 -10.040
-15.497 -17.186 -10.014
-15.982 -16.634 -8.938
-16.576 -16.512 -8.902
-17.081 -16.780 -9.919
-17.093 -16.303 -9.645
-15.742 -13.843 -7.092
-16.332 -13.980 -8.386
-16.624 -14.370 -9.818
-15.108 -12.939 -9.435
-12.908 -8.348 -6.900
-12.140 -1.674 -4.562
-14.285 -5.085 -4.016
-14.338 -10.488 -6.905
-15.786 -13.856 -10.870
-12.464 -13.088 -9.391
-10.964 -15.798 -11.906
-8.508 -13.340 -8.817
-10.260 -11.713 -6.286
-10.909 -8.075 -5.410
-10.085 -5.814 -3.090
-8.158 -2.407 -2.918
-8.989 0.036 2.917
-9.886 -0.351 -3.404
-8.841 2.633 -0.038
-9.469 4.486 1.021
-10.570 2.062 -1.595
-10.567 1.623 2.205
-11.191 -0.742 2.078
-10.382 1.155 1.719
-11.010 -1.981 1.448
-10.316 -5.096 -7.050
-14.626 -5.049 -6.293
-16.536 -3.407 -9.002
-15.961 -0.553 -7.261
-16.546 -0.300 -7.713
-15.983 0.737 -6.717
-16.751 0.353 -8.180
-15.850 1.163 -6.932
-16.191 0.680 -5.997
-15.560 1.056 -4.785
-15.327 2.087 -1.422
-17.397 1.722 -0.906
-20.782 5.761 -5.868
-20.356 9.575 -4.502
-16.478 1.649 -1.616
-14.997 -4.475 -3.615
-14.925 -6.351 -4.518
-15.005 -5.883 -4.119
-14.329 -4.357 -0.817
-14.737 0.349 -0.264
-12.764 -1.559 0.965
-15.990 -1.957 0.306
-15.959 -1.792 3.000
-15.870 1.663 -0.919
-19.424 2.132 -8.647
-19.649 3.826 -8.042
-17.088 0.359 -9.153
-16.378 -2.413 -2.242
-11.374 -3.101 -4.924
-7.326 -12.799 -9.128
-8.607 -17.382 -7.188
-12.476 -20.159 -9.441
-13.518 -19.820 -10.090
-14.779 -19.995 -11.448
-14.055 -17.787 -10.631
-14.720 -19.129 -13.762
-14.949 -19.441 -15.527
-14.255 -18.570 -16.803
-12.727 -16.871 -15.495
-12.489 -16.803 -16.507
-10.895 -13.553 -16.867
-10.527 -10.122 -15.387
-10.186 -9.210 -14.888
-10.288 -8.744 -13.086
-13.156 -13.390 -15.190
-13.285 -12.044 -13.258
-14.020 -11.683 -12.946
-13.485 -10.799 -11.123
-12.427 -9.992 -11.219
-11.531 -10.828 -10.132
-9.964 -9.743 -6.391
-11.833 1.167 0.557
-10.918 -0.221 1.111
-8.593 1.643 -1.543
-11.360 -0.200 -0.775
-13.132 -1.751 2.711
-15.833 2.221 -1.112
-16.401 -2.419 -7.849
-16.374 -1.326 -1.084
-17.578 2.366 -0.250
-15.665 0.204 -1.412
-16.303 0.523 -2.489
-19.289 -3.984 -4.931
-18.655 -2.637 1.753
-15.330 0.506 2.035
-14.667 0.042 1.507
-14.813 -1.487 1.376
-15.328 0.933 3.416
-15.854 -2.906 3.048
-14.687 -3.012 1.885
-15.963 -2.716 7.614
-13.792 -3.999 2.321
-14.859 -3.949 1.248
-17.439 -7.885 1.729
-16.519 -2.510 4.147
-16.150 -4.586 2.670
-14.990 -6.499 3.415
-17.646 -6.370 7.728
-16.886 -0.795 5.240
-16.077 -1.033 4.531
-16.749 -1.679 3.814
-16.131 -0.892 4.555
-16.612 -0.019 4.237
-16.508 -2.415 1.206
-16.929 0.598 2.486
-14.466 0.652 1.410
-5.755 -7.097 -12.149
-9.247 -10.467 -12.292
-11.078 -10.347 -10.942
-12.044 -9.339 -10.396
-13.144 -8.125 -10.677
-10.924 -6.641 -3.144
-14.064 -7.211 -6.925
-14.299 -8.563 -7.664
-13.890 -10.404 -7.787
-11.673 -6.576 -3.019
-12.594 -4.308 -2.742
-11.069 -2.986 -0.476
-11.499 -4.350 -1.532
-10.458 -3.872 -0.335
-9.653 -11.835 -7.135
-11.401 -15.807 -14.021
-13.615 -17.181 -14.040
-14.289 -17.026 -11.782
-13.936 -15.688 -9.578
-14.608 -16.050 -10.037
-14.752 -14.847 -9.235
-15.031 -14.945 -9.945
-14.855 -13.777 -9.704
-14.165 -12.480 -10.790
-11.282 -9.894 -5.972
-12.740 -8.393 -7.765
-12.535 -10.343 -8.822
-13.998 -12.454 -11.526
-13.020 -12.191 -11.339
-11.603 -13.862 -11.902
-10.297 -13.273 -11.257
-11.265 -12.122 -8.158
-11.878 -7.630 -1.848
-11.512 -4.850 1.003
-17.717 0.659 1.376
-21.863 0.041 -4.849
-21.347 -2.149 -9.756
-19.246 1.294 -5.260
-19.660 1.808 2.269
-21.366 1.116 -0.606
-21.079 -0.026 -8.069
-22.984 -1.656 -8.836
-18.972 1.598 -4.759
-18.145 -1.478 -8.640
-14.908 1.708 -3.650
-6.543 -11.248 -11.826
-11.072 -13.739 -16.268
-13.392 -15.065 -19.435
-13.551 -16.838 -21.572
-11.906 -15.914 -20.740
-11.249 -14.242 -21.433
-12.462 -14.844 -22.801
-12.636 -15.715 -23.548
-11.881 -13.420 -24.117
-11.101 -9.847 -24.661
-11.412 -8.690 -22.024
-11.808 -7.861 -19.015
-13.271 -9.186 -16.619
-12.808 -10.270 -15.307
-10.963 -9.098 -11.668
-7.644 -7.734 -5.821
-9.301 -4.333 -3.206
-14.366 -0.114 0.719
-14.486 -0.932 1.057
-14.347 2.179 0.287
-16.977 -3.055 -7.477
-18.094 -1.474 -8.063
-19.599 1.252 -3.276
-17.706 -1.288 -4.679
-9.479 -0.010 -3.595
-8.315 -5.432 -7.087
-11.551 -9.406 -6.566
-13.091 -12.981 -6.672
-13.042 -15.299 -6.577
-11.918 -16.367 -5.335
-11.361 -18.260 -5.180
-10.104 -18.552 -5.262
-9.444 -19.197 -6.764
-8.376 -18.534 -7.765
-8.053 -16.718 -6.703
-9.382 -15.103 -5.369
-11.302 -13.402 -4.191
-13.149 -10.308 -3.807
-15.094 -7.778 -5.084
-15.952 -4.254 -5.050
-16.187 -2.056 -5.272
-15.923 0.093 -4.019
-16.266 0.206 -5.003
-15.567 0.922 -4.575
-15.648 -0.873 -4.180
-13.724 -1.446 -1.983
-12.621 -2.250 -4.350
-11.239 -1.963 -3.514
-14.572 -1.511 -1.633
-17.669 -4.956 -3.758
-17.104 -5.419 1.250
-12.323 -8.631 -7.237
-15.586 -3.228 -3.758
-14.841 -1.954 2.420
-15.685 -5.579 1.108
-13.402 -11.284 -7.254
-13.650 -6.763 -6.838
-14.669 0.899 0.868
-13.203 -1.428 0.298
-13.872 -2.054 0.371
-9.981 -11.917 -10.874
-9.406 -16.954 -11.573
-9.422 -15.630 -15.449
-10.609 -15.860 -13.990
-10.739 -12.626 -13.095
-9.013 -12.256 -10.256
-9.319 -11.127 -4.982
-9.162 -6.492 -1.002
-9.016 -4.101 -3.994
-7.259 -0.595 -2.420
-9.578 1.644 -5.694
-16.559 -2.833 -5.004
-19.671 -2.506 -6.345
-18.547 0.582 -2.563
-19.520 -0.851 -0.157
-19.085 0.393 1.979
-20.691 -0.468 -3.711
-20.383 -1.068 -8.088
-18.924 -3.242 -8.004
-13.076 -3.205 -4.723
-11.656 -8.777 -6.659
-12.350 -11.967 -9.465
-10.309 -15.142 -8.657
-6.957 -18.710 -8.292
-7.115 -20.614 -9.499
-6.960 -19.867 -7.567
-8.499 -17.658 -6.768
-9.511 -16.223 -4.677
-8.545 -15.318 -2.719
-8.545 -12.617 2.786
-10.482 -1.817 2.100
-11.174 0.274 -1.745
-7.639 -0.610 -1.763
-8.693 -3.399 -3.799
-8.915 -4.747 -5.281
-10.160 -3.666 -4.641
-11.625 -3.441 -5.605
-11.927 -2.025 -5.143
-12.335 -3.364 -4.188
-11.368 -2.515 -4.321
-11.245 -4.562 -3.850
-10.958 -1.423 0.224
-12.220 -2.780 -2.666
-14.141 -2.577 -3.957
-14.466 -1.590 -3.995
-16.459 -1.554 -7.906
-16.800 -2.251 -8.909
-14.221 -1.846 -9.418
-13.987 -1.738 -7.166
-11.905 -5.865 -5.283
-11.633 -2.159 -0.890
-12.567 -1.146 2.428
-11.663 0.110 -0.006
-9.229 -1.474 0.274
-9.396 1.861 1.412
-13.178 2.578 5.481
-20.531 -5.226 2.814
-17.889 -2.251 1.771
-8.986 -0.675 -3.292
-13.488 0.191 0.387
-6.514 -6.320 -15.744
-6.472 -9.404 -21.266
-9.645 -8.800 -24.079
-8.698 -8.834 -27.062
-7.901 -8.608 -26.369
-6.992 -8.202 -27.114
-7.345 -8.013 -25.857
-7.608 -8.684 -22.599
-7.659 -7.441 -19.697
-7.731 -5.006 -17.174
-7.573 -5.180 -10.947
-8.932 -0.406 -3.758
-16.564 -2.717 0.381
-18.511 -0.776 -0.971
-18.933 -1.904 0.959
-17.942 0.974 -2.381
-18.956 0.385 2.407
-17.284 -3.280 -2.869
-17.093 -5.747 -3.800
-9.596 -0.913 -6.717
-9.497 -6.590 -4.365
-10.894 -3.932 -5.959
-10.781 -4.164 -4.255
-9.695 -5.457 -5.513
-10.503 -6.082 -3.469
-9.306 -4.444 -3.313
-8.193 -3.203 -4.262
-10.195 1.089 -1.903
-12.497 -0.409 -0.185
-17.595 -2.422 -1.727
-19.808 -2.448 -7.782
-19.104 -1.130 -1.347
-18.646 0.420 -0.354
-18.007 3.757 2.508
-17.637 0.267 -0.864
-18.406 1.592 -2.195
-17.149 0.809 -1.411
-16.862 1.228 -5.390
-18.316 1.065 5.294
-17.778 2.315 0.971
-16.503 1.071 1.146
-17.824 0.092 -3.357
-16.954 -0.920 -2.626
-15.894 0.887 -0.939
-14.780 -2.025 0.469
-16.010 1.613 2.835
-15.230 -0.310 -1.326
-16.263 -0.893 -1.569
-17.143 -0.119 1.848
-16.782 2.293 5.859
-15.344 1.063 4.878
-15.253 1.363 3.116
-17.415 -3.073 -0.159
-17.681 -0.428 -0.477
-15.438 1.381 3.054
-18.077 -3.365 3.018
-17.007 -0.902 4.694
-17.524 -2.747 1.978
-17.106 -5.026 1.714
-17.401 -1.802 -2.070
-16.050 -1.154 2.508
